Number of Experints: 30 
Time: 0.0987333357334137 +- 0.003108411794528365 
intial_perf: 0.9872701168060303 +- 0.46634814143180847 
final_perf: 2.0275280475616455 +- 0.748786211013794 
